## time disk mem timer(0) virtio1-virtqueues(25) virtio2-req.0(27) virtio0-input.0(29) isMig
16:53:41 0.07434375822020642 0.10845491199835758 0 0 37 1 0 
16:53:42 0.02624006618055814 -0.05568966431224181 0 0 144 1 0 
16:53:43 0.3218098451034864 -0.18282576555876331 0 0 57 0 0 
16:53:44 0.23451454704405048 -0.003956825485084577 0 0 56 1 0 
16:53:45 -0.3567858210529395 -0.1597853942790507 0 0 102 0 0 
16:53:46 -0.23905557409150516 0.15951782685806587 0 0 64 1 0 
16:53:47 0.2362091008485262 -0.05338335106202405 0 0 68 0 0 
16:53:48 -0.12596943361798527 0.09424745822263672 0 0 80 1 0 
16:53:49 -0.08302026811796297 -0.040192101358767565 0 0 50 0 0 
16:53:50 -0.20001209206375076 -0.007266188248171838 0 0 67 1 1 
16:53:51 -0.6261904797751997 -0.22323431279289535 0 0 67 0 1 
16:53:52 -0.715695430773665 -0.2955162366037325 0 0 14 1 1 
16:53:53 0.09159834435218434 -0.15501761977913817 0 0 48 0 1 
16:53:54 0.18168888639167516 -0.07598537534465302 0 0 58 1 1 
16:53:55 -0.8558686969717851 -0.08549226611129894 1 1 83 2 1 
16:53:56 -0.8558686969717851 -0.08549226611129894 0 0 0 0 1 
16:53:57 -0.7469376911282074 0.0981658664706523 0 0 45 1 1 
16:53:58 -0.6922637355077583 -0.07795507437841451 0 0 29 0 0 
16:53:59 0.23006571736254783 -0.006316492487707142 0 0 92 0 0
17:05:06 -0.3698474550752809 0.0183456118949194 0 0 115 1 0 
17:05:07 0.3044204765277277 0.12566021886437745 0 0 55 1 0 
17:05:08 0.03482724567095192 0.0965790131765707 0 0 48 1 0 
17:05:09 0.5421176289937242 -0.007190051508005446 0 0 41 0 0 
17:05:10 -0.1964853290713362 -0.008162205158988436 0 0 48 2 0 
17:05:11 0.27233507391768735 0.010390669146146286 0 0 135 1 0 
17:05:12 -0.11109727209370783 -0.2757357396525005 0 0 93 0 0 
17:05:13 -0.5432547208748956 0.0825473832446071 0 0 64 1 0 
17:05:14 0.23277081018736964 -0.03037495973121799 0 0 115 0 0 
17:05:15 0.08889636475466445 -0.6769612524400478 0 0 35 1 1 
17:05:16 -0.8774355059871638 -0.276526813003801 0 0 28 0 1 
17:05:17 -0.8774355059871638 -0.276526813003801 0 0 0 0 1 
17:05:18 -0.3197098959705211 -0.14011354726961067 0 0 64 1 1 
17:05:19 -0.8387890439110444 -0.28657505171208164 1 1 52 2 1 
17:05:20 -0.8989671062867162 0.02492034824461512 0 0 23 1 1 
17:05:21 -0.2399812172892911 -0.009675989535295823 0 0 44 1 0 
17:05:22 -0.10830979923597575 0.10500549243257705 0 0 64 0 0 
17:05:23 0.1283571622622519 0.12780798474344496 0 0 54 1 0 
17:05:24 0.1463764535613833 0.11295016677893534 0 0 103 1 0 
17:05:25 -0.5768154925673581 0.10085020574312978 0 0 46 0 0 
17:05:26 0.5049813022513494 0.09791591263521948 0 0 57 2 0 
17:05:27 -0.11070911525499062 0.07087032080239883 0 0 100 1 0 
17:05:28 0.019033680286146874 0.034297860651107945 0 0 45 0 0 
17:08:11 -0.04787827235480139 0.07948452159533306 0 0 65 1 0 
17:08:12 0.1771932497335556 -0.02417351084526827 0 0 46 2 0 
17:08:13 0.12276836497835858 -0.03259531967181663 0 0 51 1 0 
17:08:14 0.16912507248542571 0.06659861180814411 0 0 58 2 0 
17:08:15 -0.1187691596824042 0.014431856201802016 0 0 44 0 1 
17:08:16 -0.8022229777460017 -0.26875914370048654 0 0 39 1 1 
17:08:17 -0.8022229777460017 -0.26875914370048654 0 0 0 0 1 
17:08:18 -0.30283256137145165 -0.1095194192887593 0 0 58 2 1 
17:08:19 -0.5129770357298503 -0.19207864376087574 0 0 48 1 1 
17:08:20 -0.9250262485787266 -0.22628101570047895 1 1 34 4 1 
17:08:21 -0.9250262485787266 -0.22628101570047895 0 0 0 0 1 
17:08:22 -0.6138750176505783 -0.17220298676917026 0 0 40 2 0 
17:08:23 -0.5807546964280003 -0.0881302895152585 0 0 122 0 0 
17:08:24 0.06259859342077345 -0.06973178529017154 0 0 61 1 0 
17:08:25 -0.48404069536309335 0.08579346278364336 0 0 107 2 0 
17:08:26 -0.4559937983800318 0.05057683613669427 0 0 72 1 0 
17:08:27 -0.20677838800658058 0.043470544208625665 0 0 80 0 0 
17:08:28 -0.39848179461393274 -0.0005858953568214553 0 0 73 1 0 
17:08:29 -0.1403222515205447 -0.022101475524674796 0 0 61 0 0 
17:09:34 -0.009959632996445516 0.12129203397040911 0 1 0 0 0 
17:09:35 3.385218154672857e-05 0.06004179985080998 0 0 0 0 0 
17:09:36 0.03680888034866828 -0.016650529881774928 0 1 0 0 0 
17:09:37 -0.06190015160401276 -0.09492156840669919 0 0 0 0 0 
17:09:38 -0.34873260717904764 -0.005308099291922154 0 1 0 0 1 
17:09:39 -0.7465595271922831 -0.18332646665136434 0 0 0 0 1 
17:09:40 0.10196744929827796 -0.232355526147224 0 1 0 0 1 
17:09:41 0.1989080465521673 -0.06885130561681024 0 0 0 0 1 
17:09:42 0.03063204413008286 0.00048322868276129324 0 1 0 0 1 
17:09:43 -0.8748170056413112 0.044300839870758904 1 3 0 0 1 
17:09:44 -0.8748170056413112 0.044300839870758904 0 0 0 0 1 
17:09:45 0.030520710898505637 0.05173065464890643 0 1 0 0 1 
17:09:46 -0.44226452228470625 0.05375425638252365 0 0 0 0 0 
17:09:47 0.06660241285129731 0.07442849551348774 0 1 0 0 0 
17:09:48 0.15624396417354255 0.010752901159100495 0 2 0 0 0 
17:09:49 -0.11378383932429793 -0.014622696112517689 0 0 0 0 0 
17:09:50 0.17932831665120536 0.04885806926120938 0 1 0 0 0 
17:09:51 0.29996504813033087 0.020813530996932235 0 0 0 0 0 
17:09:52 -0.03748946899206174 -0.024934029766154144 0 1 0 0 0 
19:34:08 0.04722455459139427 0.06327210873106502 0 2 0 0 0 
19:34:09 -0.3295535834929916 -0.009097899300471836 0 0 0 0 0 
19:34:10 0.8884129697942201 0.1922403618619988 0 1 0 0 0 
19:34:11 -0.6060839408926225 -0.24641457129259278 0 0 0 0 1 
19:34:12 -0.8392853516523341 -0.022973058852344904 0 5 0 0 1 
19:34:13 -0.8392853516523341 -0.022973058852344904 0 0 0 0 1 
19:34:14 -0.3895852607403449 -0.21114923425672258 0 3 0 0 1 
19:34:15 0.21836112857593346 -0.14357608257607832 0 1 0 0 1 
19:34:16 -0.4237547310282893 -0.34253428560913346 0 1 0 0 1 
19:34:17 -0.1554053184449026 -0.21598179116164587 0 1 0 0 1 
19:34:18 -0.7787016051022398 0.25498985459157764 1 2 0 0 1 
19:34:19 0.5180548483823234 0.7214721378049253 0 0 0 0 1 
19:34:20 0.8513389850737025 0.5318678214377643 0 1 0 0 0 
19:34:21 0.3211668393392469 0.5822412851138558 0 2 0 0 0 
19:34:22 0.21571894882916914 0.5890810276613742 0 1 0 0 0 
19:34:23 0.7188906847346298 0.6470108521225189 0 0 0 0 0 
19:34:24 0.19608083141591787 0.7818309004122269 0 2 0 0 0 
19:39:03 -0.030577862678278934 0.1433824145363566 0 1 0 0 0 
19:39:04 -0.29050575084320907 -0.02365164096831924 0 0 0 0 0 
19:39:05 0.001317237961525937 -0.08764736455511002 0 1 0 0 0 
19:39:06 -0.0733308050509819 -0.3784397911016037 0 0 0 0 1 
19:39:07 -0.8543565149779995 0.14775742444841272 0 1 0 0 1 
19:39:08 -0.3303751025742184 -0.04705925707593561 0 0 0 0 1 
19:39:09 0.09246847573453557 -0.18714022977657374 0 1 0 0 1 
19:39:10 0.21566501132644883 -0.2198702925073544 0 0 0 0 1 
19:39:11 -0.5263111251837891 -0.1171574934191619 1 3 0 0 1 
19:39:12 -0.6276605938111459 -0.0007183134263630559 0 1 0 0 1 
19:39:13 0.3186643176781561 -0.03590180331777294 0 1 0 0 0 
19:39:14 0.5186253412212994 -0.12961248475639564 0 0 0 0 0 
19:41:34 0.786034298390064 0.17656135287233812 0 1 0 0 0 
19:41:35 -0.6837049764541198 -0.00011681664315279995 0 0 0 0 0 
19:41:36 0.23253138735486636 -0.2485854951691326 0 0 0 0 0 
19:41:37 -0.16283648412189092 0.03996717130190955 0 1 0 0 0 
19:41:38 -0.6534446803995589 0.2954918826640163 0 1 0 0 1 
19:41:39 0.012284495967619501 -0.23260577961656895 0 2 0 0 1 
19:41:40 0.21923078307843152 -0.0917564119394547 0 0 0 0 1 
19:41:41 0.17862964297304107 -0.01163379859968918 0 1 0 0 1 
19:41:42 -0.037066675978364466 0.06611752789760393 0 0 0 0 1 
19:41:43 -0.38492760881475946 0.19707310797131414 1 2 0 0 1 
19:41:44 0.03286918784873312 0.025935606558639482 0 1 0 0 1 
19:41:45 0.05687605662119161 0.08845621203440798 0 1 0 0 0 
19:41:46 0.093150352363287 0.08604120527652945 0 0 0 0 0 
16:50:38 -0.11416606296049836 -0.014438465055924039 0 0 0 0 0 
16:50:39 -0.06204236378454941 0.06770563501603644 0 1 0 0 0 
16:50:40 -0.10292784625172327 -0.01969710151290904 0 0 0 0 0 
16:50:41 -0.005469945385436206 -0.001581090150971755 0 1 0 0 0 
16:50:42 0.2011812131972899 0.04775869251137333 0 1 0 0 0 
16:50:43 0.16131441218324644 -0.050095645691879416 0 0 0 0 0 
16:50:44 -0.026652312146753177 0.1175412871407174 0 1 0 0 0 
16:50:45 -0.8753386498559755 -0.6373341654143168 1 4 0 0 1 
16:50:46 -0.8753386498559755 -0.6373341654143168 0 0 0 0 1 
16:50:47 -0.8753386498559755 -0.6373341654143168 0 0 0 0 1 
16:50:48 -0.7967796093051863 -0.06942102365244043 0 1 0 0 1 
16:50:49 1.372097907550654 0.09220585118687258 0 0 0 0 0 
16:50:50 -0.0930447937991082 0.08158248455005171 0 2 0 0 0 
16:50:51 0.04278507798293251 0.10115845978406636 0 1 0 0 0 
16:50:52 0.024111530165313182 0.0741878530326321 0 0 0 0 0 
16:50:53 0.208291287466396 0.13202081117310996 0 0 0 0 0 
16:55:05 0.1459044089719729 -0.02694633960298517 0 0 0 0 0 
16:55:06 -0.2874763493822787 -0.030013730836282324 0 1 0 0 0 
16:55:07 -0.12082463233662008 -0.03078762713707075 0 0 0 0 0 
16:55:08 -0.043099052287067036 0.04614192626029773 0 1 0 0 0 
16:55:09 0.16587114449787052 0.022292511227820392 0 0 0 0 0 
16:55:10 -0.13490884775576661 -0.7236570566153737 0 1 0 0 1 
16:55:11 -0.9126186416242085 -0.08403917211160222 1 2 0 0 1 
16:55:12 -0.9126186416242085 -0.08403917211160222 0 0 0 0 1 
16:55:13 -0.890265270876913 0.010389779217098586 0 1 0 0 1 
16:55:14 -0.890265270876913 0.010389779217098586 0 0 0 0 0 
16:55:15 -0.029732164884333882 0.03298349671573089 0 0 0 0 0 
16:55:16 -0.08353629341416596 0.013254105334252975 0 2 0 0 0 
16:55:17 0.013642974362154593 0.10608722434889596 0 0 0 0 0 
16:55:18 0.02331896899755681 0.02824902902820935 0 2 0 0 0 
16:55:19 0.31302679804527966 0.07503646112848855 0 1 0 0 0 
23:32:06 -0.7917228157033418 0.011223734426960907 0 0 24 0 0 
23:32:07 0.21956406466194522 0.02551275233318662 0 0 27 1 0 
23:32:08 0.21694661786138797 0.013317956153978834 0 0 24 0 0 
23:32:09 0.1991385879511752 -0.014222770352442649 0 0 21 1 0 
23:32:10 0.21081648603716546 0.0027108861326352305 0 0 28 0 1 
23:32:11 -0.7987710169222072 -0.23295162326820368 0 0 9 3 1 
23:32:12 -0.18302984914432824 -0.31126018266260286 0 0 9 0 1 
23:32:13 -0.9424394560499307 -0.22181108709351963 1 1 6 3 1 
23:32:14 -0.9424394560499307 -0.22181108709351963 0 0 0 0 1 
23:36:20 -0.6331168115292015 0.0023895805107586043 0 0 0 1 0 
23:36:21 0.06891001422946202 0.005149128130358434 0 0 0 1 0 
23:36:22 0.10691618631498871 -0.002551029114602762 0 0 0 1 0 
23:36:23 0.11307871290843068 0.02103951306577499 0 0 0 1 0 
23:36:24 0.10569374339116572 -0.05303406663676827 0 0 0 0 0 
23:36:25 0.16105103941041404 0.05036086242481567 0 0 11 1 0 
23:36:26 -0.6261952680423514 -0.40219438516662515 0 0 0 0 1 
23:36:27 -0.9741645084558521 -0.25523390980742694 1 1 0 3 1 
23:36:28 -0.9741645084558521 -0.25523390980742694 0 0 0 0 1 
23:36:29 -0.9423743683030159 0.09138678625704101 0 0 0 0 1 
23:39:31 -0.015187377201919577 0.036405981272384626 0 0 0 1 0 
23:39:32 0.00790307095269431 0.010221229601180925 0 0 0 0 0 
23:39:33 0.02302634173653871 -0.023041362403804826 0 0 0 1 0 
23:39:34 -0.0341351877274605 -0.014774528346944316 0 0 0 0 0 
23:39:35 -0.8615761077595571 -0.20048250023250921 1 1 0 4 1 
23:39:36 -0.8615761077595571 -0.20048250023250921 0 0 0 0 1 
23:39:37 -0.9660472035973288 -0.17251529904127544 0 0 3 1 1 
23:39:38 -0.9660472035973288 -0.17251529904127544 0 0 0 0 1 
23:39:39 -0.0301447405466485 0.05660019418462463 0 0 0 0 0 
23:41:46 0.026631455011461254 -0.048968959059156505 0 0 0 1 0 
23:41:47 -0.031774292420433704 -0.013003122579946414 0 0 0 0 0 
23:41:48 -0.011086729457241987 0.012329699094962275 0 0 0 0 0 
23:41:49 -0.00724654918846033 0.022748809399862718 0 0 0 1 0 
23:41:50 -0.8311402395698402 -0.5479195026545094 0 0 11 1 1 
23:41:51 -0.22386719288726398 -0.3282384971498443 0 0 0 0 1 
23:41:52 -0.969326618973911 -0.1395574348318347 1 1 0 2 1 
23:41:53 -0.5834371078910593 0.10764153416675418 0 0 0 0 1 
23:41:54 0.07257031861428762 0.030524852962835226 0 0 0 2 0 
22:08:36 -0.8830954919531483 0.7657277679415667 0 0 1 0 0 
22:08:37 -0.36187495607613723 -0.06308322517386256 0 0 0 0 0 
22:08:38 0.31789108287263207 -0.26749117259004007 0 0 0 0 0 
22:08:39 0.39894029453203156 -0.22498613802223155 0 0 1 0 0 
22:08:40 0.2903278288760756 -0.19720728391618475 0 0 1 0 1 
22:08:41 -0.8505936563826263 0.045022556536845545 0 0 2 0 1 
22:08:42 -0.8505936563826263 0.045022556536845545 0 0 0 0 1 
22:08:43 -0.30132357605714555 -0.38240482682439053 0 0 2 0 1 
22:08:44 -0.5218316337530522 0.20117535234120187 0 0 2 0 1 
22:08:45 -0.5275842464970679 -0.3653695272061498 1 1 8 0 1 
22:08:46 -0.8577406568745735 0.7417042608947427 0 0 2 0 1 
22:08:47 -0.8577406568745735 0.7417042608947427 0 0 0 0 1 
22:08:48 0.6951077120438021 0.20292583028158476 0 0 2 0 0 
22:08:49 0.34487313665645897 0.16021899801827255 0 0 3 0 0 
22:08:50 0.715430921720435 0.1762079698118746 0 0 1 0 0 
22:08:51 0.8316103857705055 -0.0225880846153571 0 0 3 0 0 
22:08:52 0.841591630488928 0.06779545100866195 0 0 1 0 0 
22:08:53 0.8360987717183507 0.1125919319193435 0 0 0 0 0 
22:08:54 0.8163348537172818 0.0017137022748827779 0 0 1 0 0 
22:08:55 0.5992696298802059 0.18647443728254673 0 0 1 0 0 
22:08:56 0.4621360895474923 0.25931252029319646 0 0 1 0 0 
22:16:46 -0.1393726514036865 0.021330806420846393 0 0 2 0 0 
22:16:47 -0.165151636728335 0.1581527786717783 0 0 0 0 0 
22:16:48 0.05788605345446864 -0.17096945126074778 0 0 1 0 0 
22:16:49 0.18454140602180713 0.05694687224857536 0 0 0 0 0 
22:16:50 -0.6769120781098255 -0.14411154870778178 0 0 1 0 1 
22:16:51 -0.8966749865886906 -0.6586800958221736 0 0 2 0 1 
22:16:52 -0.8966749865886906 -0.6586800958221736 0 0 0 0 1 
22:16:53 -0.6118112651102425 -0.2820512360397445 0 0 0 0 1 
22:16:54 0.05578954229583699 -0.07699492037876973 0 0 1 0 1 
22:16:55 0.24842511699640443 -0.025187312852077887 0 0 0 0 1 
22:16:56 -0.8105031821010577 -0.003839262813751985 1 1 2 0 1 
22:16:57 -0.8105031821010577 -0.003839262813751985 0 0 0 0 1 
22:16:58 -0.8778990922898686 0.07103832000628274 0 0 2 0 1 
22:21:40 0.1248064618825183 0.24428423772629318 0 11 1 0 0 
22:21:41 -0.10962450156938203 -0.011409726660187663 0 0 0 0 0 
22:21:42 0.012630893687238217 -0.050888238595763614 0 0 1 0 0 
22:21:43 -0.06326140281567728 0.02271750226744813 0 0 0 0 0 
22:21:44 0.03894602802960615 -0.05011506200443037 0 0 1 0 0 
22:21:45 -0.8674909921737728 0.29872011315689845 0 0 1 0 1 
22:21:46 -0.8674909921737728 0.29872011315689845 0 0 0 0 1 
22:21:47 -0.19960585153374888 -0.21889605403510373 0 0 0 0 1 
22:21:48 -0.14776081850425235 -0.20498810124570893 0 0 1 0 1 
22:21:49 -0.03863918524515452 -0.07077029850629346 0 0 0 0 1 
22:21:50 0.03653833585384077 0.011719932810008792 0 0 1 0 1 
22:21:51 -0.7951011950358745 0.007849951209843367 1 1 2 0 1 
22:21:52 -0.7951011950358745 0.007849951209843367 0 0 0 0 1 
22:21:53 -0.8901556189567853 -0.03089400715548328 0 0 0 0 1 
22:21:54 0.06689355141475631 0.052496398483444034 0 0 2 0 1 
22:21:55 0.04205762627240251 0.05324933304711995 0 0 0 0 0 
22:21:56 -0.02713484401157414 -0.12889250513865674 0 0 1 0 0 
22:21:57 0.050707677107998526 -0.01967550792516583 0 0 0 0 0 
22:21:58 0.018167659762785365 0.09173978734904728 0 0 1 0 0 
16:19:24 -0.23787528868360278 -0.11864406779661019 0 0 2 0 0 
16:19:25 -0.6124711316397229 -0.8569915254237288 0 0 20 1 1 
16:19:26 -0.6124711316397229 -0.8569915254237288 0 0 0 0 1 
16:19:27 -0.8050808314087761 -0.0847457627118644 0 0 40 7 1 
16:19:28 -0.8050808314087761 -0.0847457627118644 0 0 0 0 1 
16:19:29 -0.2757704780507005 -0.33818401470084763 0 0 42 1 1 
16:19:30 -0.22863741339491916 -0.30508474576271194 0 0 12 0 1 
16:19:31 -0.49191685912240185 -0.4067796610169492 0 0 9 1 1 
16:19:32 -0.3810623556581986 -0.2033898305084746 0 0 14 0 1 
16:19:33 -0.3210161662817552 -0.35593220338983056 0 0 17 1 1 
16:19:34 -0.21016166281755197 -0.42372881355932207 0 0 7 1 1 
16:19:35 -0.42725173210161665 -0.4745762711864407 0 0 7 0 1 
16:19:36 -0.2696021910450048 -0.5523720803130145 0 0 12 1 1 
16:19:37 -0.21939953810623555 -0.42372881355932207 0 0 10 1 1 
16:19:38 -0.07159353348729793 -0.35593220338983056 0 0 15 0 1 
16:19:39 0.6415298316067232 -0.29320295227885307 0 0 23 0 1 
16:19:40 -0.22401847575057737 -0.2542372881355932 0 0 0 1 1 
16:19:41 -0.4457274826789838 -0.4745762711864407 0 0 10 0 1 
16:19:42 -0.7727482678983835 -0.5084745762711865 0 0 13 1 1 
16:19:43 -0.6120092378752887 -0.6271186440677966 0 0 20 1 1 
16:19:44 -0.6120092378752887 -0.6271186440677966 0 0 0 0 1 
16:19:45 -0.879445727482679 -0.0847457627118644 0 0 50 3 1 
16:19:46 -0.879445727482679 -0.0847457627118644 0 0 0 0 1 
16:19:47 -0.879445727482679 -0.0847457627118644 0 0 0 0 1 
16:19:48 -0.8415704387990761 -0.06779661016949158 0 0 16 1 1 
16:19:49 -0.8415704387990761 -0.06779661016949158 0 0 0 0 1 
16:19:50 -0.8415704387990761 -0.06779661016949158 0 0 0 0 1 
16:19:51 -0.7367205542725174 -0.30508474576271194 1 1 38 2 1 
16:19:52 -0.7889145496535798 -0.27118644067796616 0 0 23 1 1 
16:19:53 -0.7889145496535798 -0.27118644067796616 0 0 0 0 1 
16:19:54 5.148729792147806 0.9661016949152541 0 0 4 0 1 
16:19:55 1.5076469995367754 0.45588557123777057 0 0 38 2 1 
16:19:56 2.3450767732952826 0.8197136067031643 0 0 38 0 1 
16:19:57 1.77951665277384 0.029500132797840112 0 0 38 1 0 
16:19:58 0.8281188342659542 0.04426660598048823 0 0 58 0 0 
23:05:16 -0.884164652785919 0.37602265080248615 0 0 28 1 0 
23:05:17 0.3445930409299539 -0.028288931828449042 0 0 14 0 0 
23:05:18 0.11754485489997957 0.0578763621740455 0 0 8 1 0 
23:05:19 0.008757129874367447 -0.12019097329147163 0 0 31 0 0 
23:05:20 -0.07966600053406146 -0.23242888563580663 0 0 9 0 0 
23:05:21 0.2152171573179681 0.28720573453398013 0 0 34 1 0 
23:05:22 -0.6770579339817691 0.03224219374330649 0 0 13 1 1 
23:05:23 -0.6770579339817691 0.03224219374330649 0 0 0 0 1 
23:05:24 -0.135981789462808 -0.21155149064878817 0 0 5 1 1 
23:05:25 -0.4331504778850251 -0.5595263289939982 0 0 21 2 1 
23:05:26 0.052391202685264114 -0.2592200008473161 0 0 19 0 1 
23:05:27 -0.4527950383667681 -0.6386378793935056 1 1 68 2 1 
23:05:28 -0.913385560510738 0.26246738350325166 0 0 10 1 1 
23:05:29 -0.913385560510738 0.26246738350325166 0 0 0 0 1 
23:05:30 -0.3942873124823337 0.24052652872110633 0 0 20 2 0 
23:05:31 0.010682631429581056 0.08059388889564477 0 0 11 0 0 
23:05:32 0.6999885090744432 -0.1035820790936765 0 0 5 2 0 
23:08:05 -0.3710763895384482 -0.3572140638088256 0 10 16 0 0 
23:08:06 -0.10913484705117514 -0.02409466952609077 0 0 1 0 0 
23:08:07 -0.08850655521869125 0.4474752054115045 0 0 8 1 0 
23:08:08 -0.0008606994334000794 0.37517950520297355 0 0 7 0 0 
23:08:09 0.24708589732457933 -0.24492355325769227 0 0 13 1 0 
23:08:10 -0.041506279457494896 -0.3061083721852634 0 0 7 1 1 
23:08:11 -0.890569486975538 -0.5123692897860056 0 0 14 0 1 
23:08:12 0.08358585037676251 -0.31734860077640714 0 0 1 1 1 
23:08:13 -0.34016272433158073 -0.458306856968621 0 0 25 1 1 
23:08:14 -0.17443079674624618 0.06614258584775407 0 0 18 1 1 
23:08:15 0.009447398667671136 0.08163877656395811 0 0 16 0 1 
23:08:16 -0.8437320178430081 0.48136537463197904 1 1 16 2 1 
23:08:17 -0.8956184374260147 0.5367755715834976 0 0 9 0 1 
23:08:18 0.003204502551236202 0.43333875426537743 0 0 2 1 1 
23:08:19 -0.18980387572598048 -0.04973564116357476 0 0 37 0 0 
23:08:20 -0.06921140112181819 0.2562814170569943 0 0 11 2 0 
23:08:05 -0.3710763895384482 -0.3572140638088256 0 10 16 0 0 
23:08:06 -0.10913484705117514 -0.02409466952609077 0 0 1 0 0 
23:08:07 -0.08850655521869125 0.4474752054115045 0 0 8 1 0 
23:08:08 -0.0008606994334000794 0.37517950520297355 0 0 7 0 0 
23:08:09 0.24708589732457933 -0.24492355325769227 0 0 13 1 0 
23:08:10 -0.041506279457494896 -0.3061083721852634 0 0 7 1 1 
23:08:11 -0.890569486975538 -0.5123692897860056 0 0 14 0 1 
23:08:12 0.08358585037676251 -0.31734860077640714 0 0 1 1 1 
23:08:13 -0.34016272433158073 -0.458306856968621 0 0 25 1 1 
23:08:14 -0.17443079674624618 0.06614258584775407 0 0 18 1 1 
23:08:15 0.009447398667671136 0.08163877656395811 0 0 16 0 1 
23:08:16 -0.8437320178430081 0.48136537463197904 1 1 16 2 1 
23:08:17 -0.8956184374260147 0.5367755715834976 0 0 9 0 1 
23:08:18 0.003204502551236202 0.43333875426537743 0 0 2 1 1 
23:08:19 -0.18980387572598048 -0.04973564116357476 0 0 37 0 0 
23:08:20 -0.06921140112181819 0.2562814170569943 0 0 11 2 0 
